rate: 20 # [Hz]

offset_x: 465710.758973
offset_y: 5249465.43086
